2642311648273115744157731565573281478426652487383344625247561878372662638567811381278438617868867515
6723756753355336523328618718573318476861688152153285826435626732743228575362731286486633657577625222
6421461251364834354614315685328632131386381146878114878836223573677775583231384413724131443577553574
8855183143737562645173553881317215232563478214883287233713687384775435443572831316438543865441562416
1371427323718837634247484126582283316185744363734528378257226182184273513783863672257237411647783755
8673763277313578152618662112812253554635416524124318516615517643374534466268253637514111584638124461
1422638787711576286341264315534774314478264182127115781623551648377645537622527174264685361427517271
3865814848831568183848753558587267747865223647873845618513851617687383373241453178263145417573582225
5834828423112628317764348573166322748736118351814227374144867265682352563268674736885233248326358328
5624848761588352423411782273284228674685254456577856175651614582732216548614662253357171577318776857
5523333627737578861852633374563767486221554535173775414378716321716384726373256348414145654742247327
5548546474777268126145825582164216616343783412665885784311342567238788855733853165651165346756177346
5315362511212811266837584121137167758557772876771263316582512863121726783147716325256617857427365314
6523728378643287252761564658224473254121727454562847841177861837176441778815681441621352455682248331
4442348568851156737161544737676685578253722661556387735316557175358177822457833813655685777414245468
8348825654764413827173874831764786831714726853832261614583144542578683742455424854852534584628651688
3527332884486777111365524365247423145317448384662585741171417675334325148637252425725155861233257628
7844345587242683443187884644483636242141528336532571265213337114371852633433543666687488855165642586
1481637861553361381673813612228378376688657688722787181656466453114336713843456628421852872242523271
5142487386226375762215436643762687722625453681221161711578856848143761213177458163886517111311747865
8538827185714464316823255274645141826488527362454268354558641718813712438552453351782276765247528174
2142147557728581812865848121148581825175745112526285244564725234434512126653185188272634442382871631
8786173766456568573633483851617841745167417556622817476368523626345644848581415763115415471112821775
6326228457874263873431541524851173358183444512175556516132166354651381425872725483466124485381317472
4813275621866831242233378488667787484413228814564784312828638871187836726424264567266836462256488887
1257647358782648185632231123344631663761654273723318358377734752688675563771861616158661324734571246
8337443783335748348727456621576121458811427164527626114312586312611537542575364753733755871425142743
3838272725661511883266787447562882463814724663874188458436267726125186168154624652261674677247287764
6536464727335517224464247424524487733271822587171235847583545525713161245641433526888285514681631177
8428581861585675883626214244288563318468763148612574781123448585475861335532553716763615543237557884
1388361647578462116168681118187325563564653338426276114543213711638828724634672713256883735421384581
6461122354587162756866273455351614246736762857456118615324454577278185288177346715562441688387761625
8622727875131151774617871322823173224327682126617435772252466737187528426364161413538351581478458885
1666134632642644483457271118417366262727827535676415712744555834761366745548564317382883622647184655
8817234582462322354361611576176367858841775182322535824121577412817114872812633376281526114354641258
6568246238331173484755184186363625268416224441312152556735237723743673638584612461562234462447524445
1585126736167224748647267711623665567812167352348326276446334836652355541535563786664762813368174218
8563313752357111327883775745348557552372652421476488141326858511837113611756578764114437271536818637
1711666428227514121685568353463257481366761636217263647316815144243125127663325548281567437587557585
2575512167184373615732436417744162153887114757582226318562518635783213343144362834883183584236231526
1761455371266647566155717221463743784357635672168672775452548112458343745627684182278384111727735242
1445418158464627383741276886673643817147184577131453322526121458577475628265325448622473452372583857
2323838181736766153225853538651587473744886818445662683468732722813657728473525167565726687323155221
8731715223441748822385533567853244838252281878521485271352616865474321584785547464553426837874164725
3462588842282211344227663886835261778346264135671468861632414822465681877215583788744882814346453823
4373317514374713374668743482884427875828334632461338561218812576855626146872238416863552186883883247
4566724657381547274542876177326583678757143552121676881612824621766646456265356335716658143325561771
5866631635784613253621134878376277251447182858112164213266134314724656328224321121551345417123481432
5236483724641176223684673871132647653843328725763543422817163576256426587654114865287735153112412442
4732837231843555656884346656466824848821684642556785664545418686782487163178585151783547187784742646
8822762187572533322754222256223658185781155565513476133621151221735523378438317831171254425523865712
4336653728446814866471378733475477271454282651265628866814831758812583767474113858231235754362765411
7433236143578568155476787384658348763528261176566426257551766727465741125288766221236768763277533315
5328764841438155422847343746544857267383175621551257713587167763326615316451486524183673518758744572
4744776166734422624682146582764745656326514848777884174534672565536831721883422457414731668681388432
7654872273886744562621423878426243423721637484543277243333656714241124775145161323712228738844726267
1521833228631238418161527488226416154556187652266836113676611767125463636322625364313341311788682877
2668555338837344433516544731841224615411616657584361538756773533728721574461788378815778361631731677
5747187833771724117726662664376132788844168127575225137675187674768563765116771578327342647813828754
8453486783186774851657355758188647352537612282784878144423144676742427567324315421682687718263487762
2625365722284388842437737816655272147213117625738836252257718786632553153584487472518122123358255138
1448214756121527461448888351632236125358578768571323578448177122727785674634587426635234251442713384
5147857257765364547123347557278267272887127387367133375683666512846386613768311718625662756677314712
4522244671225627762766646357288245588815452242633315526261888833537484465436445742877321838121371317
5613541636515162787142312643851373363326533731353756557535545817664424221111816274252712464531528274
5361237874583417656868331437315126736358288742228155734386877554416677456634483843474621883227178358
4321125461631475352241316562152844573263786323242342241217774241881211357773126454572581226722123857
8777683436571155534371218687581774422125287138782171685577811716747585886214374422856538674172122743
2726713755678571426157173578277236231852331562173114623621236876311582842222646245787113166222443366
5771116847667483877478725635528645485377584641843828677171641183281425824128285441415447616321667714
7443248887457342127282275355338544424811534716215556658121482854182583868116275475636678513336554267
6185313688238536615438542485626327518748474536177273421635647826334173531587367151773237444688133732
1378733341781752268461681273344177853274726634824862376865767281277822837656114817664175577411225688
6682852782331624747217748465187815864368717623117885633138116838228223244622242317628728575726436573
8516126711454575817256167716357768153178551162573432318345262536446166887341654327523188883674727785
8211384556188886573771526638521445132238311288681454678577766441333587432356364525344135533215564316
6434557455671872755746458364365656527548147551228585281258362475442212444176785267562266655835136155
8687117342327514436437457585478864636361234816525842727771156478463635155646116212857776613431115115
1265117762877727748748626146111146247412215624882566782788173782435575278586644724578661626286615411
2423313316351128118666528336638512655266113174535368783518215583863134621446383751658547855272418611
4338833252782628525167552343282352614253381111516347723784771163747651863722238512388241526843387434
4254657761158122652884626373464486188285237252586334516662766537745864868878484224326743445782831136
2832576747767382832841263514553128288773672342686562867314662451212463535132461311121446277565478857
4316354125458253562882168828785268313652586652846147853524117235423523525311842446167687862232865834
3586761541448745778841476228724247816147727235518835128556732312724826271221471677781851651543242572
1846446724814167618651517314842888586236518725136711554535587622786287282781478824668471846623548372
2676351187432127138133425156666522318564433561766644348888876823545815757453852677571564361547314573
2278545448172612711845863453533463826314765428512661578258263166586816887212852326331538686682657633
6586648332486514574868862624765754518846448635136187324645781488427868565886543126666178758526343746
4755782548875243552152372865752335257375727261382257858753317782262372251521332545843314515654676552
6862426526475318452413581755668688275127426784457867827255251435771461178343617658241525384387144443
6863614551243652761543778281273216537483187522658584514753724431283115651433148661448752212338356286
4122527427141387436177758261118812776486277212457478734155851162884364616124428235882542213873763377
4631116666676256183686127576432756244835268742717814461832261752615726221571884747482632572464155825
3514781113177656874642846864555776364216613588652563722362176513824642424357477311217321557467413518
6841727374113761652232672264483585181272661438537711884717548288213624786654557317231653583745578464
2621333725522324121524182288175886557667646376256162841522582632785727443722454887451128523464283711
6653646316838782624548757646763568625226312183623254265281746375613218516271758725683268658624355518
8168546547528558278482674783781184587862263465576383715566117666724628676541662315753818388771136143
8231526134218632687627418772756617255688652272256754386132737463212717252638682127258513761255216323
